28 10 600266094 0.0 0.0
26 60 16 17 76 72 46 58 87 21 95 46 98 13 79 75 12 75 67 18 86 50 91 17 30 15 45 62
27 50 32 78 8 91 6 79 9 74 80 53 18 71 71 30 41 63 40 3 6 21 93 74 11 80 6 6
54 28 13 68 5 48 6 15 9 81 99 4 64 48 49 41 50 87 21 43 30 47 25 75 28 26 77 93
58 7 30 28 67 24 86 38 68 2 72 43 10 19 50 36 10 45 65 86 6 47 47 1 69 28 13 17
69 54 70 4 55 91 86 70 22 64 83 44 30 61 9 23 14 45 66 32 24 35 28 91 17 44 72 28
64 49 87 4 9 71 8 19 54 38 13 52 20 26 11 62 29 5 89 25 37 75 25 54 35 38 14 97
43 51 57 64 62 40 77 58 7 91 59 45 99 66 71 12 47 73 16 79 70 33 16 19 77 74 68 79
44 14 60 61 40 85 66 49 76 97 11 46 14 55 76 33 60 69 48 72 44 59 77 18 40 84 18 90
10 52 53 18 39 77 66 50 52 64 69 19 69 54 62 79 25 43 64 68 68 89 42 85 90 63 95 17
36 61 40 8 24 53 93 61 76 55 32 7 75 16 45 85 55 31 25 5 20 54 33 85 91 51 26 76
