28 10 497213340 0.0 0.0
84 57 21 56 23 88 93 33 86 63 39 72 86 43 81 65 64 99 60 68 17 23 62 89 64 9 22 88
20 85 70 88 52 23 88 66 70 64 17 99 15 85 29 23 30 16 85 34 56 29 15 9 46 75 54 39
51 2 98 59 15 29 75 83 59 31 19 94 73 54 57 81 4 40 91 54 62 78 94 21 31 79 26 92
43 72 83 27 91 98 56 50 19 47 17 12 27 48 57 97 17 14 99 42 1 39 24 80 40 56 77 43
90 50 11 63 63 94 6 60 80 7 57 30 72 1 71 19 18 32 2 97 13 27 33 67 46 41 2 40
33 24 77 98 1 94 38 14 85 73 35 81 2 58 75 56 36 76 67 18 81 75 28 72 27 21 15 57
39 81 62 54 39 35 71 92 86 38 20 52 76 49 52 37 48 77 47 85 71 70 79 91 64 19 34 10
48 52 85 61 34 25 61 9 36 2 82 17 6 58 9 64 17 63 73 48 50 37 95 14 17 12 3 2
24 74 64 5 73 48 97 86 85 86 84 26 88 20 23 38 40 9 59 13 19 65 91 17 23 51 24 36
25 62 98 4 90 89 52 86 96 28 99 42 80 12 26 23 62 80 96 38 88 62 75 89 39 68 84 33
