30 10 773294813 0.0 0.0
70 74 33 95 30 53 54 34 92 87 73 4 21 59 84 58 60 21 22 92 85 39 13 27 32 92 62 67 15 90
77 78 70 71 82 91 4 33 54 29 27 75 70 26 44 92 73 69 46 54 9 12 98 48 98 11 88 20 97 6
81 60 52 14 6 26 98 7 95 29 8 60 59 28 5 31 85 37 68 88 96 35 87 16 34 91 93 2 4 30
60 33 94 6 41 26 67 24 82 89 68 19 17 94 39 45 50 47 28 38 54 68 25 63 94 15 38 36 57 43
18 59 25 54 42 70 44 23 36 52 33 60 80 52 20 13 26 30 68 41 2 62 93 98 10 90 67 2 72 73
58 7 23 99 72 4 80 7 2 6 47 56 36 26 87 51 92 82 52 52 63 41 47 91 49 29 81 78 98 57
56 28 69 80 21 14 21 3 66 67 8 47 22 45 18 95 71 50 55 56 97 52 24 32 19 49 2 98 26 16
22 94 46 22 53 33 20 17 1 27 99 18 32 15 6 29 56 94 59 57 9 80 89 1 32 45 19 18 15 66
18 26 29 81 2 66 11 64 31 77 91 34 86 52 65 29 87 88 90 22 98 58 48 21 88 74 32 88 59 45
73 24 79 87 8 54 33 23 23 18 37 89 83 52 36 34 52 94 4 15 5 97 65 88 80 8 75 19 24 21
