24 10 993793603 0.0 0.0
50 43 75 18 4 68 24 12 42 50 16 49 44 20 16 14 51 29 96 48 64 9 23 74
89 13 48 50 37 82 31 46 23 17 55 37 83 54 94 47 12 90 23 13 50 1 31 19
87 1 52 46 95 87 96 55 13 13 51 30 47 10 84 67 90 95 26 71 92 5 64 18
4 73 71 16 76 97 18 60 79 91 70 27 54 18 26 50 97 69 33 89 3 59 13 81
39 54 40 2 99 35 75 36 74 41 33 69 82 30 90 97 17 99 33 54 63 49 34 82
68 33 84 30 57 43 52 99 59 53 41 26 64 98 62 28 67 11 30 9 25 26 77 57
44 73 42 30 26 39 75 11 60 6 16 67 42 28 25 60 45 68 16 52 56 88 92 16
69 29 51 65 13 96 24 89 66 91 62 51 13 23 9 71 39 7 94 17 2 50 87 93
13 5 9 11 76 97 77 91 48 84 7 88 6 86 35 33 93 63 14 65 7 94 91 28
31 44 81 57 2 96 51 73 34 52 97 49 44 97 31 43 19 6 55 95 25 86 31 78
