18 10 876756693 0.0 0.0
4 13 45 81 72 86 80 18 3 14 46 54 1 63 40 40 99 30
50 4 18 68 68 92 65 30 53 20 46 53 53 33 3 40 33 41
5 98 31 94 90 37 17 31 83 32 52 13 33 30 67 56 32 31
15 56 82 32 45 77 9 70 44 93 46 53 25 38 69 12 68 9
28 74 68 48 18 26 67 16 18 44 71 69 45 85 46 89 29 94
93 28 93 14 48 57 42 78 76 55 3 61 16 72 97 51 80 99
86 44 79 78 42 36 60 80 59 18 34 17 14 16 76 59 92 79
91 80 38 13 59 55 61 96 91 65 23 64 62 44 31 55 2 61
70 86 73 55 91 12 42 16 54 20 81 42 3 17 27 30 90 49
67 84 9 21 83 43 97 14 10 43 11 74 54 36 11 7 4 90
