20 10 44221496 0.0 0.0
97 40 23 32 38 46 37 94 12 97 18 40 31 92 37 8 29 2 32 37
67 2 90 31 78 23 27 53 70 5 69 62 80 17 84 26 14 89 48 8
87 96 14 28 96 20 22 18 15 80 99 70 62 70 85 58 74 71 30 11
37 42 96 41 33 57 25 22 27 61 60 23 71 76 46 22 73 17 68 35
99 89 86 57 10 42 11 34 68 51 94 35 33 72 95 65 27 80 51 73
50 26 51 59 64 96 34 49 96 21 15 6 14 50 82 61 13 77 3 30
14 4 67 50 43 63 33 51 48 90 90 87 57 90 77 76 42 85 11 53
21 88 95 60 72 45 14 57 71 48 93 34 2 4 94 61 15 74 77 97
37 86 99 62 90 70 39 1 33 34 13 62 12 33 57 93 79 26 60 42
39 54 18 17 27 59 55 17 65 63 25 7 21 29 65 34 67 75 64 92
