20 10 644966563 0.0 0.0
71 80 82 25 84 34 50 49 35 41 53 48 46 83 96 89 4 51 16 13
41 70 96 68 79 16 60 45 65 63 80 60 10 93 77 37 47 79 29 73
12 63 34 37 28 94 96 95 72 42 36 59 60 57 53 48 64 14 7 97
69 94 95 95 62 29 51 19 36 2 31 75 25 25 53 32 90 2 91 29
63 59 25 51 52 35 29 93 64 51 18 15 29 56 97 19 37 19 73 47
26 7 10 74 17 68 89 28 44 11 28 97 6 57 17 63 45 51 45 85
78 53 93 80 39 56 31 85 94 8 99 52 19 71 68 97 33 22 67 68
70 9 20 34 47 43 27 52 97 95 84 86 45 59 76 15 87 66 88 25
85 54 90 50 81 40 42 25 81 39 64 71 59 48 64 75 87 47 50 21
24 32 40 84 59 41 66 98 53 93 73 63 85 74 24 15 57 89 48 64
