28 10 183865454 0.0 0.0
19 54 63 36 2 94 56 36 57 23 36 58 95 20 56 71 46 12 81 66 66 62 71 42 43 97 19 44
72 80 31 91 80 7 36 45 76 27 4 24 67 23 70 14 3 29 5 85 16 91 40 50 55 86 59 47
6 47 10 42 33 80 99 14 44 44 74 32 17 35 93 30 90 1 21 17 84 46 15 9 49 77 51 44
5 43 95 13 33 66 31 69 66 69 28 30 50 25 26 26 70 71 11 16 53 69 51 77 92 31 65 93
12 80 10 77 65 16 40 85 9 10 37 23 43 92 74 15 74 9 1 44 3 42 58 17 90 64 56 93
25 8 55 71 67 95 99 71 70 87 6 88 59 31 22 75 59 56 74 15 14 38 31 29 45 10 63 98
20 65 82 83 23 18 32 66 54 83 32 99 79 13 77 19 70 49 2 22 66 90 82 93 77 19 29 24
71 44 79 64 67 70 52 62 31 8 24 97 1 33 28 16 74 6 10 81 22 55 28 93 39 83 73 46
34 70 59 99 62 94 71 25 38 41 49 7 77 43 22 49 62 65 68 39 22 99 93 10 49 74 92 75
98 87 46 50 5 7 91 32 35 98 25 3 21 35 95 31 26 84 38 41 31 74 85 89 5 78 63 30
