30 10 710163201 0.0 0.0
70 8 62 84 12 68 69 32 15 52 39 44 2 18 48 7 35 2 30 36 25 1 34 28 16 56 31 66 33 63
94 12 16 81 71 88 74 98 9 26 13 22 42 97 38 68 35 13 43 14 25 37 44 92 60 62 45 21 64 87
2 47 91 76 71 62 64 13 80 15 78 24 76 91 61 41 2 14 5 61 55 33 89 75 52 13 74 1 50 43
54 8 77 23 74 65 70 28 32 97 56 28 56 30 86 77 8 29 61 21 12 75 88 25 47 89 73 26 66 91
10 62 34 16 99 66 78 48 97 64 99 23 93 71 46 20 11 8 53 26 40 89 23 42 86 46 56 34 93 16
3 90 33 50 55 39 14 49 88 43 91 14 51 8 95 69 27 7 45 81 91 95 72 50 82 5 78 39 54 78
4 71 17 50 68 26 89 52 82 18 57 74 87 16 54 17 12 81 79 78 4 99 12 19 77 45 36 70 67 69
19 82 13 88 92 96 98 61 49 4 12 95 94 99 2 3 56 37 60 15 54 34 99 16 72 96 99 43 43 72
34 94 67 46 77 79 40 70 38 44 20 16 76 48 1 63 9 46 8 79 11 93 39 37 68 14 66 39 59 45
71 8 82 32 64 64 54 37 67 16 28 67 75 50 95 63 46 65 96 46 60 14 79 10 11 43 59 78 12 72
