22 10 827777268 0.0 0.0
70 42 60 82 86 69 12 96 11 27 9 83 89 41 13 46 16 71 79 59 11 50
49 21 75 63 16 39 44 69 86 55 49 52 49 74 22 60 12 79 54 85 86 26
69 15 15 61 43 64 90 91 13 38 49 73 37 37 23 94 25 90 98 27 94 16
43 2 5 39 59 6 16 93 86 21 86 93 32 64 43 61 57 25 21 75 40 97
84 92 65 10 41 8 24 34 72 56 72 6 71 1 35 58 98 7 17 9 68 4
87 26 76 43 93 56 93 59 37 42 82 47 36 9 35 48 8 80 86 54 92 43
29 44 73 7 25 21 3 80 40 25 42 11 63 92 2 95 20 34 72 49 29 72
28 35 59 87 44 52 1 61 16 12 65 63 82 1 38 66 81 4 42 64 44 94
85 54 90 96 22 58 60 93 52 62 96 36 29 62 59 2 63 12 88 8 63 46
31 67 26 57 27 87 73 22 86 44 11 52 99 76 59 25 75 69 95 61 96 21
