24 10 625582691 0.0 0.0
87 60 36 16 64 6 35 46 15 69 78 73 67 29 12 87 74 30 54 96 10 91 62 78
28 39 85 1 43 62 35 88 79 85 52 70 8 98 46 41 79 6 95 16 14 48 96 76
41 83 70 74 25 70 92 5 53 46 90 48 18 98 79 6 65 85 73 36 31 23 19 55
26 32 29 82 89 97 74 12 66 22 45 84 55 31 14 31 4 3 99 68 66 35 99 24
48 55 44 15 95 67 42 44 72 99 61 80 64 64 54 73 53 98 66 57 51 89 88 60
86 81 2 88 39 96 15 18 57 47 45 15 20 42 90 23 16 43 22 75 80 25 13 22
85 44 64 68 8 24 40 87 68 44 20 59 43 69 8 14 63 24 99 34 5 90 65 82
11 10 95 73 47 33 86 7 38 84 60 14 18 35 89 42 64 59 77 94 74 78 76 64
58 46 48 60 76 55 83 93 23 95 27 12 86 93 62 87 63 25 21 13 59 41 49 15
73 9 75 28 41 21 45 25 58 40 19 50 46 73 7 25 88 38 9 94 12 33 40 37
