18 10 953736041 0.0 0.0
98 4 72 48 83 22 22 29 34 3 31 64 49 83 43 46 44 95
99 20 69 53 68 16 27 80 63 46 40 65 36 78 64 4 41 35
86 45 90 6 14 22 20 62 94 9 20 68 54 14 41 34 21 77
89 93 5 63 50 16 29 60 21 50 38 35 87 43 88 39 41 34
86 85 63 73 94 54 59 42 20 52 71 9 27 44 32 59 87 45
28 39 30 92 53 97 62 18 31 71 87 48 46 34 83 24 98 8
73 78 26 5 33 82 4 82 66 18 65 35 67 18 99 64 70 59
69 34 27 3 19 41 26 45 85 19 58 13 63 37 34 97 53 49
24 46 56 18 80 49 81 15 88 86 4 95 94 89 84 73 72 89
73 74 98 59 50 26 25 87 40 96 71 22 53 19 30 5 47 74
