30 10 407177627 0.0 0.0
68 60 54 47 86 26 40 92 94 45 40 19 34 29 44 16 28 34 6 90 46 81 54 7 56 50 14 60 36 2
7 37 65 94 12 20 1 54 12 40 67 22 82 52 8 25 68 74 45 44 36 84 56 92 95 31 83 58 74 32
3 84 41 91 34 68 83 94 64 11 22 32 1 13 69 80 71 2 74 35 58 3 32 38 85 17 8 59 33 25
12 34 30 31 78 44 81 59 1 64 41 20 28 19 85 11 35 23 30 46 90 65 18 8 8 99 96 95 20 10
63 3 16 70 1 58 37 47 50 38 69 14 59 41 77 73 91 24 88 63 39 56 87 35 47 25 45 6 73 98
58 31 5 90 48 66 61 93 3 88 42 71 86 51 40 29 66 8 90 82 26 94 32 46 30 22 6 42 42 11
21 85 62 45 35 66 74 53 83 99 12 87 72 62 92 9 86 79 55 75 12 61 54 76 36 34 32 17 39 75
78 12 51 66 50 88 54 15 34 93 65 62 80 72 72 42 13 17 3 18 26 70 10 45 88 72 16 84 67 49
68 94 12 82 34 65 49 74 83 66 12 21 54 81 19 70 16 39 36 31 69 94 82 67 14 43 46 60 74 16
7 68 4 77 66 5 11 34 65 4 71 16 73 64 89 80 57 14 61 95 70 91 43 98 53 99 88 62 12 97
