26 10 246098326 0.0 0.0
10 85 1 91 82 59 95 14 49 54 10 43 70 53 85 31 78 73 31 58 33 6 85 43 21 78
6 90 48 99 94 2 23 32 58 88 86 21 88 99 12 22 19 64 7 43 30 97 52 82 78 19
22 19 45 84 23 39 83 36 63 93 37 42 84 41 51 52 68 53 78 37 36 65 91 40 11 59
59 33 71 13 16 36 84 26 25 75 54 95 73 65 96 83 90 94 83 76 28 27 78 53 29 11
24 3 5 66 3 87 28 18 52 54 68 39 7 78 74 42 78 66 72 88 60 84 2 50 61 18
99 34 47 87 90 7 47 29 32 27 73 38 54 43 28 20 79 89 63 60 22 12 98 79 92 41
23 34 30 71 43 24 16 63 54 33 15 8 79 27 64 85 38 87 51 32 73 52 57 82 28 19
64 10 88 61 1 39 14 8 11 13 51 87 32 38 99 84 58 17 75 87 4 61 11 58 72 80
62 8 59 68 89 43 78 43 17 22 84 97 55 92 27 56 72 58 34 82 86 35 77 48 41 21
28 81 86 50 77 42 70 38 91 43 95 73 47 83 53 81 27 99 41 59 28 37 33 90 29 87
