26 10 901537825 0.0 0.0
1 14 3 49 44 31 38 30 44 57 43 5 79 30 54 36 74 57 1 33 47 46 97 41 4 30
31 80 31 85 42 15 47 71 87 84 71 91 83 70 72 10 5 69 45 8 60 98 86 96 30 96
78 33 47 71 75 61 31 68 85 77 97 26 59 39 49 54 16 46 67 25 14 75 48 22 36 63
34 40 33 10 67 99 18 7 12 5 70 27 9 60 21 15 83 18 82 45 66 9 30 85 76 96
72 5 86 45 87 87 59 36 19 79 31 31 10 74 15 51 81 28 57 49 82 60 37 37 70 90
39 15 13 40 95 91 33 46 38 68 95 62 40 17 80 12 72 1 9 87 8 17 14 22 70 92
21 83 8 98 92 18 2 24 81 66 79 17 38 2 51 33 92 81 11 38 39 73 37 42 95 18
95 9 37 94 6 28 13 97 60 26 74 53 91 66 57 80 3 55 45 14 69 4 80 5 69 61
64 39 50 22 52 13 32 75 75 9 33 15 75 19 5 33 81 70 49 77 54 39 34 34 17 87
37 64 3 56 61 53 74 65 34 9 9 70 80 60 32 50 81 85 37 45 83 56 13 77 30 13
