28 10 240200661 0.0 0.0
96 97 70 54 38 23 1 33 24 90 53 25 88 94 56 2 39 58 89 72 28 8 29 39 58 84 53 83
16 71 40 77 8 12 45 89 26 83 6 97 17 64 49 31 68 57 10 65 23 3 95 35 50 51 73 86
4 59 67 48 92 31 20 26 11 80 37 14 98 23 62 80 9 7 97 31 35 51 86 73 17 61 38 18
30 40 67 27 19 81 64 36 31 22 12 22 72 92 88 13 67 35 40 85 28 27 46 15 57 92 32 46
90 76 25 32 11 17 32 85 61 36 81 95 61 92 55 72 27 47 53 54 44 93 11 86 88 61 9 95
64 81 22 24 2 7 25 63 51 91 47 63 14 59 88 18 14 81 38 17 28 28 72 85 20 27 38 37
54 20 35 52 71 10 4 56 75 54 23 6 84 95 67 14 50 18 86 7 74 1 74 4 58 68 13 28
30 79 83 67 37 8 59 41 42 28 66 4 30 34 97 12 59 93 5 52 83 20 19 68 31 72 54 16
54 99 13 25 38 31 23 5 29 13 69 99 50 74 69 25 38 24 83 67 20 61 33 65 31 98 26 32
59 69 69 54 13 2 75 66 92 48 33 62 24 70 75 82 75 49 48 36 90 17 34 2 74 5 23 70
