26 10 885467771 0.0 0.0
2 83 79 44 63 76 40 80 21 50 35 40 67 11 91 33 59 16 66 36 90 6 28 47 72 71
96 56 4 79 33 60 41 7 47 24 92 93 21 4 26 46 87 10 25 50 96 16 75 49 19 31
74 74 30 31 1 3 51 65 19 59 39 51 42 37 85 86 34 55 68 28 41 96 37 89 72 50
60 30 75 84 59 6 46 47 93 54 17 17 68 17 52 29 37 84 3 85 22 78 3 90 94 31
49 49 8 42 98 79 10 4 17 65 96 50 71 64 31 34 11 69 97 68 27 54 89 71 40 80
37 84 18 10 83 3 67 52 70 20 80 82 21 53 91 26 12 75 18 66 63 87 42 76 27 31
24 25 54 41 91 73 84 33 21 20 42 59 18 79 43 59 61 75 80 80 87 66 37 32 66 11
39 34 91 19 30 82 80 73 73 20 96 6 24 26 25 28 13 96 64 85 95 55 96 59 9 47
61 53 1 89 3 5 25 50 51 89 29 52 19 3 46 73 71 91 21 53 78 28 12 20 22 29
42 66 55 87 60 5 16 89 74 32 3 93 89 30 73 37 79 34 17 69 72 86 27 80 83 68
