22 10 688530899 0.0 0.0
37 24 24 21 59 17 36 53 10 87 54 31 23 98 25 38 27 57 22 55 14 43
53 8 1 88 9 21 67 16 46 47 61 41 61 67 6 52 5 40 10 52 38 20
4 97 52 42 97 83 29 51 1 53 81 52 92 17 51 51 12 50 43 44 88 11
28 96 56 75 36 55 50 17 71 59 87 34 46 84 86 98 16 22 23 53 4 16
25 17 31 17 19 46 55 16 46 78 52 78 91 62 56 8 42 10 94 41 21 36
56 19 95 95 47 62 68 99 53 72 35 66 91 80 99 41 50 75 1 61 87 79
4 56 6 34 52 22 34 47 25 86 25 35 25 81 82 15 92 68 7 88 65 34
56 8 24 85 80 31 31 35 28 69 4 21 38 45 62 19 54 21 42 53 32 6
79 70 89 26 90 67 20 79 56 67 12 57 50 28 74 55 8 73 52 59 10 68
1 21 31 22 3 70 96 46 20 27 89 89 75 73 12 66 86 26 23 13 2 22
