24 10 949181504 0.0 0.0
44 2 94 46 96 30 62 30 47 42 44 11 4 82 74 3 72 61 87 66 16 23 16 98
90 59 63 21 10 88 75 76 49 14 24 31 50 53 64 13 73 36 46 34 40 60 35 17
98 3 84 35 54 22 43 50 90 9 27 59 3 15 95 32 24 87 47 72 92 29 38 30
68 93 2 5 88 46 78 99 70 82 29 86 83 64 26 69 17 23 55 38 92 20 72 37
8 81 55 86 17 57 1 41 8 97 67 12 20 69 59 21 51 99 54 34 16 25 89 85
39 97 80 51 77 49 78 71 85 2 16 57 28 3 4 77 37 60 70 12 5 17 49 5
84 64 82 8 70 51 65 34 20 73 45 37 26 17 43 5 20 99 99 99 33 83 45 13
39 5 39 99 68 68 73 64 59 15 38 64 98 46 72 86 64 55 27 18 63 80 9 29
12 42 85 21 7 19 42 66 51 42 2 45 77 71 53 57 95 69 85 87 34 99 60 69
56 70 84 31 8 3 44 80 14 43 13 48 67 59 12 14 90 46 43 70 63 41 44 23
