22 10 279546639 0.0 0.0
67 37 45 37 37 98 3 30 88 3 19 58 36 67 48 86 23 24 52 9 53 84
56 70 75 10 37 6 85 42 65 28 28 87 77 59 5 43 19 8 44 77 18 98
9 93 57 3 95 63 1 31 59 14 94 1 41 91 36 52 47 6 54 4 73 79
78 45 11 80 9 64 38 70 34 27 23 31 48 46 97 54 88 95 91 76 96 95
70 56 21 45 28 58 82 89 87 24 30 62 18 80 31 88 73 22 63 99 75 86
11 6 60 19 60 50 31 71 99 97 19 63 50 5 25 73 76 36 18 74 94 37
46 4 41 49 77 4 77 36 10 94 45 65 57 69 87 84 50 41 86 15 85 31
75 45 32 93 95 87 59 34 53 47 70 18 30 64 14 23 7 95 13 36 89 59
58 46 23 72 94 55 23 56 5 72 76 30 17 76 16 25 68 81 80 88 14 60
17 66 44 43 31 45 76 45 64 43 38 62 56 41 41 71 44 32 51 45 4 90
