28 10 394755838 0.0 0.0
12 60 63 33 79 33 25 48 54 66 30 83 2 9 87 30 35 14 98 83 42 10 46 27 49 22 81 59
90 39 51 67 16 4 23 9 93 33 51 92 22 62 64 56 6 40 15 10 28 45 95 75 91 94 45 66
15 16 2 61 2 47 8 74 13 99 46 83 39 22 40 24 10 73 52 30 19 45 45 94 20 40 36 58
79 71 98 62 79 6 62 84 51 23 7 53 83 43 92 65 35 16 32 37 19 67 63 51 26 30 93 89
24 6 52 82 43 80 80 27 98 18 61 69 19 69 94 42 81 54 48 87 43 70 47 72 74 19 25 77
6 86 88 29 81 55 78 97 87 90 77 57 85 50 61 80 70 31 53 86 31 41 97 48 38 27 18 52
31 81 84 93 48 73 86 35 98 85 92 72 81 74 55 63 14 34 35 22 57 47 1 61 28 73 35 70
44 16 40 2 90 92 48 17 26 98 88 36 61 12 48 81 3 95 96 73 85 35 53 41 24 63 2 55
71 47 17 99 66 75 89 14 40 25 81 81 89 56 81 74 30 96 50 19 87 23 78 7 34 24 98 73
73 14 30 32 33 8 59 81 89 11 48 62 49 35 79 97 32 64 69 9 60 12 3 8 67 97 21 67
