20 10 796909242 0.0 0.0
8 3 43 37 29 18 98 40 87 9 72 12 19 10 33 80 49 28 91 45
59 27 9 43 75 95 11 24 46 50 89 80 96 80 76 48 47 53 54 55
63 6 15 72 37 87 66 83 80 1 99 29 5 24 50 27 41 83 65 33
77 71 12 2 60 30 12 15 90 94 41 99 6 73 64 13 22 92 15 16
35 60 74 95 25 93 57 67 63 81 69 93 11 10 81 25 40 46 17 39
80 53 89 15 16 79 65 77 53 87 57 4 73 72 77 84 91 43 91 17
42 13 17 11 73 78 66 51 41 3 85 1 1 4 47 51 7 60 42 82
56 47 19 48 70 77 61 16 88 43 82 50 84 30 65 2 33 92 88 81
85 77 92 76 27 88 28 81 99 78 97 48 44 3 37 54 99 52 80 6
81 18 90 33 8 8 60 55 29 57 81 10 95 31 91 78 41 19 58 17
