26 10 415413416 0.0 0.0
84 61 97 16 88 84 86 49 60 67 98 54 80 3 53 18 42 42 88 79 86 87 17 55 1 51
30 44 90 5 41 85 71 65 55 14 62 58 94 27 27 73 90 22 95 72 99 61 12 84 39 12
3 30 62 23 4 11 35 1 83 65 5 24 57 6 13 2 33 1 18 4 24 13 85 53 97 57
17 18 36 50 49 29 8 78 8 92 28 83 65 78 2 10 67 46 43 64 13 51 50 72 91 50
99 7 53 46 79 1 31 45 81 13 19 6 51 1 83 28 7 91 93 83 84 26 77 75 54 83
49 77 86 7 37 98 93 33 27 66 11 39 30 76 14 93 45 89 44 23 95 32 31 22 96 49
11 83 81 85 83 34 13 25 44 57 52 43 31 99 59 31 8 20 72 82 95 89 77 46 8 89
94 21 80 99 63 99 37 95 95 80 49 96 99 33 17 54 67 44 20 10 44 12 84 69 60 63
2 77 89 13 86 95 50 3 89 28 59 96 70 76 80 57 20 44 38 52 95 4 3 96 5 36
52 45 87 8 90 65 63 68 39 28 66 64 29 93 92 75 72 77 16 39 35 12 53 77 56 33
