26 10 607207802 0.0 0.0
15 90 22 24 51 14 53 14 19 84 65 40 66 39 68 49 70 64 98 48 48 43 50 57 56 75
88 43 77 62 29 32 47 45 44 69 52 50 40 8 54 6 41 37 3 72 29 93 11 33 53 62
20 90 43 41 63 14 71 53 70 99 99 56 54 94 39 4 45 67 52 55 33 51 59 95 2 9
78 96 61 75 70 17 77 74 23 13 7 89 64 8 41 41 32 14 87 75 58 19 86 21 85 2
21 86 83 71 35 48 41 39 60 49 74 63 10 41 2 61 2 90 18 38 36 52 49 2 53 21
82 54 5 44 44 74 2 82 32 75 59 37 89 60 99 5 76 7 19 50 99 77 39 59 32 95
97 67 48 3 68 16 42 59 46 13 17 27 29 24 17 32 34 38 34 40 44 33 25 20 39 48
4 88 6 65 45 83 98 48 97 31 16 18 86 12 2 72 45 45 35 46 4 42 70 77 19 28
25 87 75 80 77 4 24 28 8 14 77 25 68 63 78 42 66 74 70 81 85 81 81 78 69 26
46 3 72 28 83 88 37 99 4 84 18 9 18 72 25 82 12 14 20 59 40 10 89 58 33 28
