22 10 492149570 0.0 0.0
3 69 16 86 4 2 81 72 47 97 88 83 51 83 38 31 74 46 13 93 17 31
66 35 92 71 36 77 33 6 11 97 47 93 59 28 82 5 23 27 45 77 68 28
47 82 47 14 95 67 67 48 28 18 38 68 64 49 83 24 47 53 59 69 53 81
32 25 44 56 72 22 62 40 82 12 59 80 85 44 18 59 5 30 30 54 81 21
44 79 7 42 2 17 68 6 81 40 49 60 27 83 47 55 84 11 31 85 91 39
12 44 34 63 71 41 14 17 19 49 19 38 53 90 39 68 64 31 92 9 43 88
14 85 94 84 12 60 15 63 43 62 25 9 68 69 93 18 71 69 23 24 45 55
6 25 16 11 61 45 9 17 81 74 18 14 8 9 68 83 58 37 3 29 65 36
81 6 58 74 20 10 92 28 28 29 60 43 23 81 31 42 17 66 60 97 30 49
11 29 73 77 63 79 68 99 89 31 47 8 21 57 18 56 35 18 26 11 99 85
