22 10 147516365 0.0 0.0
33 54 16 18 46 93 35 35 37 6 62 34 98 12 52 86 28 31 12 76 63 70
50 82 76 75 11 59 37 54 7 77 28 97 38 59 23 39 12 3 26 9 36 81
63 74 28 55 30 92 39 28 65 27 17 21 45 62 49 93 27 73 44 34 13 23
64 25 79 82 19 19 13 65 36 72 62 1 62 22 89 18 60 42 32 66 98 27
71 9 95 85 29 17 13 27 73 57 34 95 11 42 99 5 53 72 10 30 1 41
93 14 72 46 5 74 9 20 71 5 35 5 46 70 66 69 81 11 85 71 14 65
41 6 96 11 55 55 79 62 26 17 36 49 26 55 81 33 76 74 80 43 12 47
53 97 34 93 85 4 18 67 77 91 77 48 67 51 15 9 98 68 35 32 74 58
20 44 78 44 26 52 48 36 41 6 84 99 13 79 92 78 9 83 47 47 74 5
71 81 43 86 58 25 81 66 6 61 8 54 29 17 85 15 32 6 93 80 50 93
