30 10 79570916 0.0 0.0
72 87 25 12 25 69 80 98 48 69 93 78 57 98 54 80 76 54 39 13 72 65 72 66 14 72 15 3 56 17
4 28 65 60 12 70 96 16 78 41 96 47 12 32 40 32 48 37 25 67 29 53 61 34 54 22 20 7 7 41
8 54 76 55 70 6 83 25 88 91 70 49 62 99 31 76 19 29 14 17 62 90 88 65 12 2 31 70 5 41
9 19 81 99 63 33 32 70 9 46 7 61 54 25 42 48 97 21 34 41 84 71 39 98 22 45 28 15 59 86
11 7 58 57 41 79 51 78 58 1 57 16 21 74 53 67 12 97 61 24 66 75 28 79 84 49 89 40 34 55
5 70 37 62 97 10 84 99 5 98 76 31 45 82 37 43 42 57 61 10 13 65 9 7 66 37 37 80 77 40
4 27 27 9 20 39 36 86 20 28 95 73 10 47 98 31 79 45 3 66 40 98 15 60 65 69 61 39 86 65
89 22 61 34 90 89 13 75 73 10 26 88 33 75 78 54 91 16 12 80 50 94 44 79 3 98 74 98 72 91
41 37 68 54 96 81 85 3 17 74 45 92 47 2 80 55 9 95 80 56 12 22 97 2 20 43 54 16 17 17
93 39 84 24 31 28 90 94 66 27 63 10 4 92 1 89 3 24 73 54 57 36 58 8 94 71 83 66 80 56
