20 10 576073293 0.0 0.0
17 92 59 41 62 96 97 58 63 12 8 22 25 26 52 98 85 77 98 74
64 57 81 16 37 10 75 8 39 49 17 88 62 63 22 40 39 43 93 92
41 83 85 57 50 48 25 12 14 68 56 43 31 47 45 81 33 87 83 11
89 41 4 21 17 53 82 23 66 56 12 21 33 7 21 35 39 97 5 37
39 32 72 75 74 56 79 43 15 95 50 36 38 66 36 11 26 31 35 15
8 32 8 95 24 42 21 22 98 13 43 57 76 74 92 77 85 54 3 98
85 32 56 64 20 66 62 16 27 2 32 27 93 60 80 63 5 51 26 55
17 14 88 69 77 63 87 78 5 96 76 83 33 56 18 82 62 14 63 13
24 28 24 52 62 41 92 5 69 40 75 4 78 77 51 47 84 12 68 55
23 66 89 48 22 43 25 75 14 19 27 92 36 2 96 31 41 60 90 12
