28 10 357188712 0.0 0.0
60 60 72 93 78 12 47 37 92 94 15 90 61 30 89 44 20 92 50 59 23 13 6 15 54 35 94 93
54 9 44 44 43 66 83 86 44 27 53 99 25 33 41 25 23 13 35 76 53 42 71 99 27 82 64 38
92 20 70 13 74 89 66 25 97 83 82 88 28 93 12 69 2 86 40 36 6 32 81 89 94 62 47 13
8 7 99 61 50 84 77 30 56 66 65 19 52 27 45 70 57 84 76 49 57 2 4 5 54 57 2 69
79 16 4 91 96 90 66 90 77 8 67 4 97 78 7 11 51 98 89 23 13 92 12 35 16 47 38 17
92 87 86 65 34 50 23 53 86 66 70 17 15 15 33 87 1 26 36 61 82 81 12 34 62 39 94 14
35 33 35 15 78 50 38 68 64 68 65 39 58 54 93 80 43 50 31 81 83 32 6 57 62 97 92 46
77 42 22 33 62 65 81 1 86 58 27 91 40 43 38 63 98 55 76 66 98 56 47 9 52 92 39 80
44 52 44 65 95 81 27 67 70 33 28 66 2 7 8 38 23 78 18 68 55 33 11 53 69 7 27 59
24 45 96 70 28 70 38 74 21 93 30 78 14 84 92 27 89 82 77 29 42 99 67 61 84 36 97 1
