20 10 358969743 0.0 0.0
63 73 63 55 28 15 8 89 11 45 3 68 75 32 27 66 47 81 70 83
7 36 84 62 73 79 10 57 37 71 88 60 78 96 82 15 96 90 28 50
24 48 54 34 32 44 89 74 53 43 35 20 27 96 85 39 51 67 98 57
50 12 72 60 82 46 77 6 61 7 75 70 54 46 38 81 8 49 13 46
27 50 3 94 48 15 41 94 45 79 58 36 42 66 40 55 89 7 61 13
66 74 53 76 24 24 8 83 29 64 85 22 38 44 10 27 5 61 49 93
47 27 36 6 93 19 12 10 29 58 25 62 19 37 1 52 71 98 73 61
98 29 63 65 85 39 85 95 19 37 76 51 48 55 38 20 51 65 66 60
6 9 31 92 9 47 74 77 88 28 59 90 25 29 61 21 27 16 2 74
77 24 30 4 49 2 40 30 72 36 13 14 64 58 41 33 76 13 57 94
