26 10 701695313 0.0 0.0
79 17 55 60 37 19 38 17 73 26 55 80 19 67 32 96 3 1 75 74 81 3 1 19 1 10
27 82 42 11 30 72 40 19 54 80 42 72 95 17 77 15 51 37 71 83 71 93 84 89 75 48
96 22 19 72 95 93 12 73 55 79 78 23 15 94 98 88 90 9 75 78 54 8 29 81 31 18
79 98 5 39 46 26 17 29 8 8 18 21 68 41 59 64 50 93 85 60 33 8 93 84 89 90
33 65 53 49 17 70 41 96 73 8 57 79 71 13 86 8 26 18 78 60 15 10 7 96 87 30
77 98 9 78 89 25 49 83 47 72 23 76 47 56 71 75 34 80 97 1 62 24 43 97 50 69
58 37 19 19 93 41 66 19 58 35 61 28 61 53 1 33 3 6 25 86 14 28 61 8 60 97
42 18 83 77 77 35 41 48 66 53 67 1 29 10 20 55 97 74 41 77 37 22 72 22 55 62
6 3 89 39 79 61 55 23 15 96 62 99 52 13 29 16 72 91 27 61 28 32 24 81 1 28
96 20 75 87 43 2 61 94 61 27 90 61 11 63 2 42 35 31 25 35 85 87 59 68 85 67
