24 10 856448052 0.0 0.0
77 87 11 48 61 10 12 88 87 9 79 71 61 26 68 87 77 94 64 79 46 18 29 64
62 19 51 71 67 22 85 93 16 92 38 24 76 45 57 54 14 80 10 6 3 20 20 48
52 53 68 18 99 32 79 3 53 81 22 30 35 62 97 94 4 30 76 2 45 70 69 95
25 14 29 70 1 11 15 51 10 67 69 7 70 81 33 61 30 43 69 20 21 24 63 14
34 72 5 62 22 27 83 28 5 12 69 50 74 57 10 42 79 54 19 93 56 57 96 74
86 11 33 78 80 6 37 93 41 92 46 3 76 82 19 79 1 28 47 17 21 11 50 25
74 51 34 66 99 22 14 89 41 77 16 77 72 33 20 66 28 83 1 86 32 6 49 31
76 6 53 69 3 77 8 1 70 51 14 1 39 44 14 45 57 22 79 48 18 96 38 50
27 35 35 70 36 65 92 9 96 26 20 19 46 82 3 25 69 65 77 11 16 29 49 44
60 39 97 35 38 82 33 61 32 45 81 94 16 21 12 86 76 10 5 95 35 60 67 24
