24 10 371537413 0.0 0.0
99 26 19 97 51 52 91 46 32 39 84 52 23 45 76 71 82 95 91 88 78 90 47 67
74 92 74 82 38 84 41 5 84 86 92 53 57 96 83 50 11 84 6 62 52 61 1 19
80 74 75 28 27 82 81 27 53 80 95 22 6 97 47 26 80 34 92 64 36 27 63 59
8 7 82 33 45 92 62 92 1 3 39 40 27 57 26 64 98 24 43 29 82 10 77 31
55 10 11 3 33 45 34 71 41 5 43 83 47 9 29 82 9 33 46 13 72 57 51 85
39 84 8 89 79 37 68 42 35 39 8 54 49 14 95 53 36 27 33 61 55 37 16 30
99 67 37 23 13 76 31 28 7 58 36 84 1 10 95 90 45 49 23 81 43 29 92 80
51 82 47 78 33 37 17 43 30 31 30 4 76 33 76 71 27 23 10 78 69 40 47 44
39 33 96 88 2 41 3 85 93 17 74 47 20 79 98 56 44 62 2 8 4 1 65 2
54 28 30 79 59 56 1 21 89 22 20 45 2 17 16 30 66 55 63 95 38 27 13 60
