22 10 485851116 0.0 0.0
10 57 67 69 63 54 57 47 46 97 24 56 83 3 6 34 7 6 60 21 32 92
73 47 13 69 9 98 11 54 3 93 52 32 53 96 51 63 89 30 79 16 89 20
56 76 42 44 33 7 1 16 88 2 95 69 20 85 10 86 58 91 47 70 26 88
64 61 50 59 61 79 33 62 87 68 18 7 13 90 61 68 49 44 58 61 6 7
5 84 89 1 33 68 16 68 70 69 41 66 10 97 22 13 59 70 31 74 72 77
43 86 62 57 54 8 63 17 69 80 38 43 78 75 76 71 44 88 3 36 99 81
96 8 42 70 19 43 91 55 79 66 45 62 72 57 2 43 54 66 15 51 22 21
68 52 92 65 67 84 2 93 60 28 27 48 32 88 29 6 19 81 42 51 19 30
21 20 11 12 12 16 8 52 30 69 64 66 60 98 77 37 44 30 79 1 62 42
3 51 97 64 30 39 73 58 27 25 13 88 37 63 32 35 18 82 35 21 3 3
