18 10 708424802 0.0 0.0
63 52 8 31 30 11 79 43 47 56 48 57 20 56 71 63 4 42
13 67 22 10 75 86 46 72 14 38 53 52 14 36 24 97 52 5
77 61 51 72 63 94 43 75 14 31 77 60 82 32 76 19 40 92
62 75 12 76 73 4 50 49 2 66 77 72 59 42 88 92 39 10
67 57 37 71 15 6 88 20 46 80 35 34 25 17 3 40 92 22
7 41 3 89 87 2 20 34 40 76 1 77 89 5 31 25 64 6
27 97 25 58 66 46 55 59 80 17 49 72 25 52 11 6 98 78
26 11 52 24 4 73 91 11 9 76 42 4 71 26 39 5 37 6
86 61 95 93 28 92 5 50 85 9 73 41 96 72 15 66 96 37
60 8 44 3 39 12 61 7 61 3 42 38 46 33 81 60 56 44
