30 10 214054893 0.0 0.0
50 66 51 67 37 67 75 38 60 75 64 75 81 65 44 57 32 82 74 66 31 35 27 82 7 5 18 10 20 11
15 92 43 81 22 91 36 67 40 44 45 2 54 80 14 37 69 8 33 73 1 32 46 99 64 77 80 36 63 32
70 11 81 38 57 78 36 72 84 34 53 43 8 75 51 71 98 46 58 66 41 9 75 94 1 16 77 92 18 8
17 55 61 36 68 8 98 45 67 78 51 69 84 77 35 66 27 2 85 98 42 20 52 50 16 61 44 44 42 76
80 28 38 98 13 72 59 99 94 32 12 92 93 24 46 18 98 31 4 30 5 63 45 73 78 67 54 5 37 11
49 79 76 13 62 88 63 4 65 91 74 47 55 79 67 32 24 28 67 99 4 28 46 52 9 89 70 36 83 24
21 24 23 4 4 26 41 15 44 28 26 78 50 11 77 4 99 47 3 66 51 30 66 25 2 65 19 49 13 2
8 66 89 41 38 1 6 33 23 91 64 34 89 79 61 18 23 53 10 85 78 65 97 12 53 62 82 37 55 53
98 40 19 91 5 90 26 61 98 95 49 33 77 87 94 20 53 91 22 82 75 4 90 98 47 91 2 55 88 26
80 72 28 90 67 10 48 84 88 42 15 16 57 4 43 70 33 17 21 50 64 62 34 80 13 32 91 17 29 51
