20 10 590488854 0.0 0.0
44 97 97 16 60 78 50 22 55 86 47 67 52 24 78 8 6 59 27 10
69 70 26 75 84 48 32 71 93 49 48 84 90 30 98 15 88 90 94 36
79 94 8 2 56 84 81 2 69 7 18 95 40 12 34 34 93 93 30 99
41 67 80 98 55 15 38 87 71 64 97 19 11 6 33 94 52 66 50 92
2 6 80 43 18 65 17 91 19 14 56 24 29 89 84 15 57 83 17 62
56 17 48 42 98 53 45 71 65 89 88 98 61 5 41 45 64 23 31 18
26 98 50 45 46 72 90 59 70 63 72 37 44 81 30 56 35 25 57 84
6 40 53 30 32 74 15 95 86 63 2 67 6 42 19 2 28 38 97 68
65 87 94 75 10 78 33 63 70 16 36 24 14 69 6 93 8 99 97 57
26 58 66 41 39 37 31 13 21 63 92 57 76 52 54 19 31 74 99 19
