24 10 482691628 0.0 0.0
86 83 20 88 16 77 22 42 69 12 58 1 49 5 57 88 27 58 11 57 48 42 25 53
95 25 67 42 55 2 82 20 78 75 19 73 21 84 48 79 50 91 59 35 85 95 71 57
85 25 45 5 98 21 65 84 27 90 31 71 72 25 36 61 64 35 82 9 43 41 75 66
17 17 50 57 75 91 12 14 29 22 13 6 98 68 38 11 33 29 1 51 91 4 79 1
65 88 28 79 96 81 45 97 80 17 35 34 62 38 18 90 64 6 53 16 8 5 77 39
14 74 57 1 68 39 12 69 79 36 37 2 86 70 18 55 78 63 31 10 42 35 20 43
22 52 50 78 84 80 38 5 60 33 65 67 19 92 52 18 35 72 3 54 8 80 19 43
88 9 54 78 66 51 3 23 30 65 61 56 63 65 85 26 68 21 42 36 10 43 27 12
72 49 38 93 94 12 21 53 52 96 79 98 62 13 40 20 93 89 81 50 86 2 66 28
82 52 31 30 36 82 10 98 48 54 6 83 51 97 21 75 68 9 71 12 12 44 41 9
