26 10 564781415 0.0 0.0
97 10 34 17 23 82 71 1 90 35 81 68 55 28 53 47 65 17 63 87 95 49 90 92 23 7
34 40 37 96 22 38 52 40 20 24 61 57 57 76 87 64 84 64 94 92 93 30 43 48 63 3
58 96 80 56 77 90 84 94 54 75 68 60 56 27 84 43 91 30 96 8 61 99 15 14 38 99
24 70 34 59 98 94 94 16 81 2 90 90 54 78 71 24 50 12 92 58 34 12 79 1 77 36
19 74 17 22 39 44 37 6 53 7 98 65 60 39 83 15 99 29 30 85 50 67 88 4 28 59
71 89 28 22 26 47 39 97 17 61 7 21 49 51 4 15 47 23 92 64 41 86 59 21 64 72
34 26 81 43 99 10 63 76 77 89 52 65 63 18 78 45 80 36 28 54 34 65 96 56 78 17
2 75 19 42 84 3 19 71 90 20 88 25 59 68 35 78 43 42 31 76 44 82 41 30 7 78
59 55 65 47 66 26 94 75 63 96 95 52 17 7 89 15 9 12 93 46 94 59 53 64 34 4
71 74 55 20 41 11 78 96 78 54 30 11 23 99 13 45 30 20 2 32 84 40 42 64 88 71
