18 10 227691299 0.0 0.0
50 26 10 57 29 73 41 21 5 11 17 60 89 75 33 25 47 57
48 51 26 23 79 23 74 18 72 82 6 22 86 13 49 23 32 2
49 90 67 76 5 62 97 14 75 3 79 12 26 35 87 54 70 74
72 87 19 31 26 28 55 6 15 81 29 2 42 19 55 57 98 26
30 97 3 95 27 75 79 28 3 38 66 53 73 53 67 13 9 58
29 46 96 23 24 26 60 16 3 93 46 21 16 44 6 44 23 49
83 74 75 94 9 13 30 95 7 78 81 77 65 96 83 4 71 27
52 43 17 78 32 73 85 82 11 14 59 18 15 31 72 32 91 92
91 35 76 15 46 85 16 78 24 29 87 16 49 14 25 90 71 8
18 4 79 40 26 2 61 3 95 7 95 37 22 29 56 20 89 26
