26 10 682173746 0.0 0.0
26 48 84 57 32 41 10 16 85 49 48 63 67 50 16 4 44 21 24 59 67 78 51 48 85 29
47 54 78 10 96 43 77 30 13 25 45 69 19 48 30 27 35 47 28 59 47 24 23 44 56 97
16 62 44 68 18 29 4 43 92 68 36 7 74 90 48 7 64 6 13 40 18 8 86 81 65 36
18 66 49 2 63 27 99 60 41 88 62 46 9 54 71 36 99 91 51 1 86 97 18 63 2 48
71 1 15 96 84 86 27 43 7 44 86 40 57 95 61 86 37 53 53 32 73 29 33 42 71 6
26 31 3 68 73 22 90 18 43 25 62 98 60 86 94 97 66 28 29 63 47 29 1 56 57 58
71 39 49 93 57 55 76 56 55 97 82 23 61 5 37 6 15 89 91 14 41 68 49 50 86 27
11 81 59 59 7 98 9 31 32 37 16 31 64 34 18 53 35 19 70 75 25 97 6 18 31 53
79 94 65 77 88 3 89 16 37 20 95 61 23 34 18 13 96 76 33 38 61 6 77 38 68 16
7 15 27 19 40 59 98 35 13 97 46 75 23 28 2 8 99 9 69 4 68 48 42 56 13 47
