28 10 524988664 0.0 0.0
48 14 10 26 1 97 91 86 54 49 51 44 20 25 94 34 38 58 59 41 95 21 41 65 35 9 99 18
14 67 79 63 97 29 83 62 2 23 41 87 75 74 27 38 74 37 80 68 34 72 90 88 52 34 81 87
23 60 39 58 99 26 15 95 67 37 39 25 44 44 26 19 63 7 6 17 79 68 62 64 5 9 39 77
46 86 42 15 65 35 90 81 86 98 18 37 91 38 15 59 62 99 78 6 25 66 89 80 3 67 77 96
13 37 66 51 27 8 68 22 76 72 21 82 72 95 70 33 22 23 32 47 20 4 56 85 21 59 82 33
37 10 70 6 61 54 34 91 63 9 98 22 99 56 44 64 70 24 88 81 17 63 55 30 39 11 98 47
73 63 81 33 6 26 83 27 57 16 73 90 42 59 68 65 36 65 52 52 88 88 54 89 83 88 18 83
78 91 23 4 4 2 20 50 7 72 21 51 33 5 56 76 32 48 28 70 40 62 33 33 59 48 85 93
1 26 14 85 15 20 32 17 17 38 80 87 35 86 69 27 28 20 87 19 80 60 59 39 99 93 96 81
19 78 65 68 85 81 49 98 42 97 94 36 91 67 81 13 40 59 54 76 80 86 69 49 27 70 64 45
