22 10 987849787 0.0 0.0
81 43 9 85 46 41 76 9 5 2 42 73 78 75 60 73 20 16 91 18 23 12
21 69 65 29 67 78 62 93 30 25 22 25 77 52 2 87 29 69 48 77 58 38
42 73 22 19 15 67 30 88 40 28 98 9 49 50 46 58 97 57 34 40 81 65
78 18 81 95 63 5 86 1 45 3 70 3 3 6 91 83 81 39 43 99 32 92
16 41 15 62 62 40 51 81 89 68 67 93 99 67 42 9 53 15 99 39 73 20
90 63 29 97 63 64 36 12 13 18 14 6 50 5 80 86 15 49 1 14 63 77
85 49 15 91 35 39 13 22 1 88 50 79 24 4 85 35 21 27 95 45 18 59
80 17 73 56 55 98 17 24 65 4 38 54 21 80 61 97 83 46 65 80 3 52
34 65 37 29 28 56 12 89 68 59 80 49 31 32 34 11 37 22 76 49 40 36
6 19 35 7 64 9 17 87 44 69 63 91 57 27 12 84 25 59 32 41 73 13
