20 10 312289685 0.0 0.0
17 85 1 40 29 40 88 44 8 38 62 15 83 9 28 10 8 52 67 31
97 98 82 28 95 43 39 24 16 59 22 4 71 84 52 31 14 91 71 78
9 87 92 77 58 92 65 6 50 7 35 80 26 71 67 1 3 55 31 93
66 79 32 38 76 42 36 84 42 19 94 20 33 76 33 79 26 12 82 39
47 7 32 66 76 20 50 5 36 26 85 96 60 22 30 58 64 74 12 38
74 23 4 82 99 51 23 55 62 71 39 65 73 96 88 93 3 10 39 5
33 8 71 50 81 79 22 50 35 30 7 70 86 38 13 30 91 70 1 6
24 19 17 16 95 45 8 22 22 15 73 86 63 91 42 23 8 65 23 40
93 65 38 92 50 64 18 38 13 82 21 38 51 17 74 89 25 52 4 13
10 81 28 16 80 3 56 28 70 61 94 52 42 5 18 71 86 85 54 13
