30 10 527184368 0.0 0.0
75 49 17 20 71 59 17 17 92 92 90 5 14 12 65 21 77 1 31 97 53 31 5 96 40 66 51 3 54 70
64 5 76 22 76 80 26 5 4 69 60 89 62 82 98 49 99 65 17 6 66 4 17 41 48 42 22 48 71 79
34 31 21 60 89 13 34 63 18 65 61 33 19 80 94 34 90 39 55 1 59 83 48 14 51 78 11 20 20 16
80 53 72 50 19 97 12 9 56 90 14 22 7 28 48 54 89 12 12 60 36 6 72 73 74 44 1 46 23 3
5 72 99 30 66 20 99 50 59 55 89 22 61 27 27 83 93 70 49 80 57 14 51 16 35 61 53 55 9 11
20 33 11 49 70 57 13 16 26 3 37 71 17 54 6 44 6 39 23 32 71 56 87 45 62 77 2 52 16 94
56 80 10 68 59 16 56 46 72 56 28 86 5 43 43 99 12 9 44 73 9 88 63 30 71 20 23 62 7 53
59 17 26 61 2 72 61 72 21 98 19 62 23 29 99 63 33 2 71 51 84 82 1 92 42 6 93 35 19 80
3 31 12 10 49 22 75 84 8 76 60 31 23 13 23 6 26 48 56 29 31 96 91 89 77 18 30 46 32 39
43 71 65 34 89 78 96 93 25 86 79 71 5 48 37 70 36 99 16 28 92 12 13 22 66 48 27 37 10 93
