18 10 311732145 0.0 0.0
98 16 57 96 91 52 35 65 72 4 44 58 38 2 47 17 44 77
31 80 4 41 24 40 96 27 43 43 82 87 5 90 33 81 58 73
44 32 61 92 99 11 61 27 44 3 76 18 11 58 71 59 50 65
18 57 96 72 54 49 70 52 65 80 57 32 35 81 69 34 40 59
76 92 94 16 26 25 73 61 1 49 33 7 5 87 15 18 47 53
81 38 17 33 89 9 40 1 26 22 60 87 59 77 85 45 13 89
88 59 92 90 20 56 2 43 71 95 72 93 37 58 11 59 16 63
7 45 33 34 38 84 56 80 90 84 94 60 38 45 16 73 49 38
14 16 88 75 41 67 87 79 99 66 67 31 19 20 50 88 96 36
55 53 72 75 82 38 67 27 92 3 62 91 37 8 98 72 15 44
