28 10 708863115 0.0 0.0
90 23 71 42 88 67 44 67 66 96 43 68 93 16 76 23 34 85 88 60 62 60 65 44 32 19 87 70
6 40 78 45 8 78 52 58 84 42 90 87 69 41 56 59 65 31 31 61 46 66 44 93 54 56 87 95
94 57 85 71 80 2 95 56 97 43 3 51 48 39 94 43 76 73 97 19 17 20 90 13 74 15 61 50
2 2 27 89 3 64 46 19 60 35 64 51 33 3 50 43 57 76 85 30 2 36 16 36 93 82 87 3
11 26 52 95 91 22 81 5 43 4 74 56 90 12 16 38 53 49 62 90 29 15 70 23 42 3 4 40
73 43 60 68 9 46 37 49 27 2 89 96 64 10 72 98 79 8 84 87 59 94 62 75 91 1 68 75
10 38 17 99 28 93 78 17 60 17 74 53 47 2 41 69 42 87 46 18 91 36 47 75 15 78 96 69
57 20 50 59 47 5 6 21 59 16 27 92 21 22 95 16 53 76 21 95 41 86 66 9 98 31 72 54
28 61 50 78 91 87 30 46 10 92 42 46 97 61 98 89 90 44 39 95 3 82 76 68 38 94 58 50
20 50 56 71 22 30 72 17 88 31 71 93 12 71 14 11 21 11 9 31 42 84 66 75 30 71 44 61
