20 10 561931457 0.0 0.0
70 71 12 50 57 57 54 44 67 37 4 24 22 45 94 46 47 43 54 76
36 95 32 9 78 87 68 72 70 89 32 34 52 36 3 11 52 1 21 5
94 43 69 64 62 29 25 19 18 18 78 82 62 25 27 51 64 16 3 8
52 86 4 64 46 69 18 95 25 52 79 87 97 51 42 54 75 74 59 19
89 9 87 36 68 41 56 73 70 15 44 91 20 25 97 78 2 90 39 70
68 79 56 3 34 71 6 38 67 12 3 64 81 72 59 16 87 32 37 63
33 13 42 32 78 7 51 6 32 37 74 43 62 72 13 25 57 82 73 53
90 78 93 48 38 1 35 84 7 24 16 40 29 82 93 35 83 47 39 26
76 1 33 63 34 86 71 91 60 60 96 47 94 47 84 74 7 34 43 24
53 92 74 41 34 97 98 10 58 58 19 63 82 97 91 94 78 93 26 93
