30 10 699239126 0.0 0.0
10 35 27 19 23 12 45 93 20 58 40 43 46 49 19 16 35 16 85 53 82 74 11 63 35 87 75 33 89 98
27 28 50 16 8 1 59 35 93 36 93 22 32 31 28 56 1 96 46 8 69 9 5 49 44 51 78 35 1 95
60 11 34 73 79 81 87 47 69 5 41 16 87 96 12 44 88 19 65 73 60 70 11 59 93 30 81 66 44 37
13 78 12 90 66 85 56 81 63 39 78 65 70 98 28 66 44 63 67 75 90 11 49 52 85 31 27 11 39 82
34 44 21 94 91 79 97 8 99 40 31 45 80 77 41 25 59 53 99 78 60 33 16 53 44 38 97 9 17 81
6 20 59 32 23 23 70 26 94 76 48 22 30 69 20 16 71 97 99 23 83 29 84 15 60 54 22 6 23 43
87 7 96 53 77 50 5 25 59 58 34 50 42 77 98 28 57 31 90 24 16 15 9 89 19 30 63 73 15 82
56 65 13 99 20 36 91 31 2 98 78 50 66 58 77 93 99 23 7 72 93 2 92 95 94 59 83 64 65 66
94 52 3 37 46 25 10 12 6 48 67 41 85 87 72 46 99 23 36 33 31 25 3 69 21 27 97 57 11 61
34 95 50 68 76 42 1 84 3 7 60 71 64 35 98 1 55 11 11 71 18 81 70 96 73 94 95 72 97 61
