22 10 788343750 0.0 0.0
42 78 28 1 39 91 74 25 21 39 7 79 52 54 54 38 77 31 23 10 21 57
91 13 55 26 14 40 95 55 16 82 86 6 18 25 51 61 95 48 84 63 30 69
7 48 89 84 42 6 51 24 94 32 67 28 43 42 77 75 84 69 94 26 65 95
56 96 29 3 79 41 30 25 49 39 73 51 11 32 72 53 48 6 31 22 49 49
65 51 83 38 27 89 13 66 90 57 6 47 55 47 26 72 76 22 25 87 36 33
13 19 49 20 80 32 54 4 84 68 24 45 68 47 14 46 11 1 78 10 35 66
42 29 6 20 60 58 35 81 11 86 64 42 75 37 4 64 17 16 12 55 95 4
30 7 42 7 22 7 75 53 92 79 33 94 36 10 76 98 85 61 23 61 47 28
68 20 13 49 42 89 8 98 87 24 44 90 36 48 32 67 99 19 57 18 69 7
65 26 67 81 17 67 52 46 27 52 48 43 96 87 88 54 69 92 30 12 34 86
