30 10 118968237 0.0 0.0
9 40 26 14 97 81 68 32 80 74 64 62 42 80 46 57 47 54 19 84 58 96 11 41 72 79 6 39 34 86
72 14 90 21 59 38 65 8 68 42 82 85 51 13 31 84 78 25 10 74 96 17 5 43 75 17 19 78 77 12
22 83 1 74 66 42 90 80 5 76 64 60 32 16 85 98 93 98 97 92 95 83 59 58 52 9 81 40 13 78
58 54 91 13 47 87 33 98 71 49 12 13 8 17 61 5 33 74 33 67 33 78 67 41 37 74 67 21 84 16
41 17 18 94 23 55 57 92 1 25 98 85 3 43 2 88 65 35 16 53 46 81 41 31 54 58 24 27 93 14
64 21 80 27 66 10 12 4 61 90 59 31 66 36 37 45 73 20 95 77 66 41 47 37 44 32 8 87 39 6
45 88 40 95 28 44 60 24 23 10 58 72 72 34 70 51 66 99 3 40 46 52 20 32 22 60 44 78 83 91
98 72 1 37 85 51 38 74 78 71 21 54 14 67 62 29 5 44 84 47 61 71 47 70 18 3 60 52 67 85
1 57 64 91 42 10 26 40 15 36 54 99 67 68 75 57 16 66 86 66 84 83 68 82 80 6 5 87 13 39
43 30 26 4 81 67 7 74 17 91 52 94 84 32 65 26 82 76 95 48 47 48 3 15 45 46 67 60 20 28
