28 10 707225853 0.0 0.0
59 75 89 56 56 46 11 9 32 19 10 75 79 32 9 32 62 57 27 32 51 33 5 63 88 68 3 2
19 20 18 98 55 37 10 79 29 38 8 66 29 43 52 36 9 68 90 40 7 25 71 31 1 78 67 7
39 50 16 44 96 4 60 38 8 6 3 59 1 57 93 60 18 15 63 37 34 20 5 85 49 41 2 96
63 85 17 48 19 10 94 49 33 37 55 92 16 26 55 17 8 30 5 56 18 49 8 88 41 3 47 18
75 91 99 46 24 94 1 38 76 24 38 5 42 28 84 17 53 36 85 98 42 34 92 98 77 87 55 4
90 89 94 53 44 12 17 68 8 19 84 41 59 16 39 2 76 53 99 10 81 68 86 38 31 83 97 94
64 73 37 9 26 83 53 7 8 36 54 72 47 66 50 43 95 44 8 36 58 68 25 15 50 1 12 86
31 29 12 76 88 26 1 2 5 82 6 73 85 15 27 13 73 99 88 11 19 96 96 37 42 4 76 85
21 73 87 4 63 52 57 65 32 30 99 44 5 59 32 74 15 12 71 22 60 60 56 94 59 10 7 42
56 8 15 55 31 43 87 13 9 75 91 14 10 98 30 32 89 88 61 39 22 94 9 26 99 33 30 84
