18 10 992013599 0.0 0.0
51 5 45 28 37 29 34 88 21 29 33 53 44 37 49 45 29 84
59 9 67 2 44 97 47 20 43 37 42 5 62 42 61 76 80 45
27 12 15 76 48 61 84 60 69 11 41 55 96 31 65 16 46 77
99 92 93 4 26 78 16 54 80 23 1 36 93 67 68 86 83 31
70 51 35 18 99 97 54 61 1 25 83 78 29 18 61 9 30 6
56 67 47 24 95 12 15 86 9 80 10 25 52 63 13 41 79 27
86 12 27 57 59 75 99 86 14 32 65 50 52 49 22 25 29 23
32 14 61 95 59 51 70 39 70 90 27 9 26 65 95 70 46 11
80 55 4 9 81 85 31 31 32 20 19 89 23 77 43 8 44 9
48 16 88 64 40 55 51 19 18 5 37 72 73 43 70 87 88 67
