18 10 743562369 0.0 0.0
77 65 71 10 58 3 7 72 34 32 71 90 46 73 12 85 58 24
97 99 24 4 30 5 94 72 72 80 97 59 27 92 99 35 62 61
48 22 61 55 88 61 31 88 48 51 8 60 36 64 72 94 19 88
26 13 35 29 8 33 13 63 51 82 39 7 91 74 40 17 43 12
76 20 69 46 69 92 19 78 7 73 79 13 72 1 69 77 26 51
66 88 5 37 84 95 17 62 68 75 13 13 86 67 92 56 27 99
91 95 92 53 45 44 42 65 66 80 93 18 59 74 15 3 56 47
6 49 21 75 15 24 64 18 87 83 21 46 26 93 98 66 95 51
83 79 96 83 92 33 78 61 95 49 96 42 86 92 63 35 91 75
54 49 25 84 50 25 80 94 27 20 68 21 97 20 69 53 8 53
