22 10 181938583 0.0 0.0
10 23 73 30 71 2 24 50 63 38 22 64 76 61 75 62 60 99 12 65 32 15
5 52 47 45 30 72 53 15 46 26 96 16 13 10 1 1 34 49 72 47 69 18
60 86 30 24 95 26 87 5 26 33 74 73 17 6 21 64 56 45 48 66 74 7
25 96 71 70 34 86 45 43 25 26 1 11 95 44 97 24 32 44 32 70 93 16
64 62 3 9 15 23 76 97 2 36 73 27 85 56 8 79 71 75 70 38 80 75
75 49 53 29 52 92 63 46 53 32 45 72 15 47 69 21 20 43 49 22 38 6
10 56 52 90 80 58 45 69 74 54 7 76 3 14 62 3 17 3 23 6 50 65
30 93 43 51 32 73 92 66 70 80 52 63 45 93 57 36 55 29 62 52 45 25
14 69 59 52 35 33 64 78 15 6 63 98 22 21 67 69 42 92 97 80 83 71
87 76 75 39 64 67 45 84 32 70 43 32 81 36 97 28 22 14 48 44 5 75
