28 10 936356385 0.0 0.0
73 40 90 70 44 72 94 91 91 5 64 22 74 61 38 94 69 38 96 78 73 76 4 5 42 91 19 58
68 93 93 70 82 89 51 69 31 66 76 26 96 50 10 5 66 76 22 83 51 51 98 68 85 63 92 71
83 43 58 16 79 73 56 72 69 46 23 94 89 50 19 21 51 13 59 83 20 83 66 87 42 7 51 25
60 56 91 45 63 29 30 53 62 43 28 48 76 76 9 86 54 36 11 13 34 65 52 87 94 53 99 73
65 49 53 31 64 30 70 59 29 50 42 33 63 94 29 82 55 34 14 19 36 39 24 15 57 25 86 41
73 9 90 66 64 3 7 42 18 13 6 3 95 8 91 40 3 82 60 85 38 80 17 24 15 1 51 31
2 9 10 57 20 82 58 37 77 83 79 94 25 78 42 6 67 40 4 1 3 56 66 37 41 12 35 25
24 13 24 99 1 10 97 86 58 15 84 62 20 12 42 28 74 88 14 44 26 30 64 61 44 10 32 16
49 5 80 69 74 10 12 60 3 70 91 84 53 81 71 13 98 45 68 13 11 26 89 5 98 55 43 47
89 3 86 42 43 26 74 73 19 61 55 75 9 16 70 48 25 79 35 32 5 17 74 49 62 28 1 78
