22 10 273294685 0.0 0.0
40 45 82 11 41 32 63 30 20 27 45 95 42 33 70 79 93 95 22 94 94 39
95 96 24 43 40 35 38 39 67 84 21 59 23 33 22 18 27 82 26 97 58 96
47 57 77 92 4 9 96 38 93 54 73 78 69 71 6 81 85 4 23 22 78 1
84 35 42 24 22 50 30 78 18 52 1 46 78 46 88 36 57 59 5 83 62 51
66 55 47 52 96 3 10 91 68 23 61 85 54 93 9 8 69 56 80 41 43 41
90 40 15 95 34 38 84 14 23 89 22 11 71 36 23 64 55 40 18 24 9 6
68 37 16 30 30 47 17 47 59 47 14 66 80 38 79 52 57 32 22 70 19 15
72 88 41 50 97 33 4 85 55 2 69 53 63 80 53 3 88 72 34 47 45 9
19 62 24 30 54 59 2 59 21 2 42 70 53 57 59 83 36 69 28 74 7 58
94 15 88 22 92 73 82 95 38 13 67 23 68 17 49 48 39 4 70 49 93 4
