18 10 615948300 0.0 0.0
43 55 91 85 12 48 33 45 91 10 82 16 76 68 86 5 82 76
21 12 50 8 34 39 72 98 34 61 44 74 84 96 72 11 42 70
66 52 56 41 75 6 82 48 60 37 49 53 75 64 55 23 59 28
14 3 59 4 47 32 99 45 60 61 55 7 9 16 96 89 22 99
78 95 15 2 88 33 74 43 63 83 88 12 14 70 65 60 11 90
59 75 45 19 95 31 20 85 23 95 65 73 40 64 85 87 15 16
30 39 10 11 39 93 22 14 44 43 65 70 4 10 41 52 23 94
22 20 38 52 50 54 24 84 88 38 92 12 53 20 25 92 5 99
60 90 24 5 46 50 69 39 10 73 80 81 94 80 2 33 4 46
97 45 11 73 56 72 69 85 71 96 35 56 63 30 13 20 49 66
