30 10 374886769 0.0 0.0
7 15 26 7 63 42 37 19 24 86 67 77 65 52 10 67 75 57 52 41 45 59 93 13 49 71 98 45 34 14
76 32 14 17 19 79 9 55 69 70 32 35 16 73 46 54 42 53 78 58 98 21 13 23 63 11 8 6 87 17
26 27 34 51 24 17 77 16 96 10 33 4 26 37 22 32 98 56 74 39 81 58 88 61 75 79 26 60 32 56
22 25 13 69 30 10 44 85 41 39 82 30 33 67 62 28 82 94 24 41 91 17 31 20 51 25 15 26 89 4
18 80 23 72 75 33 29 17 9 68 40 40 52 84 53 61 86 76 7 47 12 87 77 53 67 82 7 75 91 80
95 72 85 11 30 55 30 96 73 18 15 46 65 71 51 81 24 85 2 13 48 61 2 1 40 80 59 89 93 89
79 87 74 48 10 71 78 52 50 25 40 52 77 13 38 55 69 2 61 53 75 15 98 92 66 90 62 92 71 78
7 25 3 13 50 68 7 57 28 26 46 17 22 11 80 52 88 35 2 13 78 57 89 50 18 82 17 92 97 66
73 77 90 32 34 99 88 92 37 68 34 9 99 91 67 50 68 55 84 55 81 20 34 13 30 10 11 39 32 63
77 51 61 92 91 72 44 62 8 38 72 92 75 13 88 60 39 68 83 66 36 67 48 13 8 84 91 92 14 82
