20 10 272532172 0.0 0.0
16 3 58 10 49 78 40 23 27 13 6 19 24 46 83 54 38 17 92 57
45 96 98 60 2 57 26 53 8 46 39 96 66 47 37 25 48 78 51 9
41 60 70 15 6 5 8 30 3 46 52 63 69 91 42 70 4 81 48 44
8 85 94 83 15 61 91 45 56 98 71 15 33 95 45 84 53 54 29 27
49 10 66 20 55 92 7 2 95 23 41 40 35 91 10 45 56 39 89 62
51 80 71 3 24 12 71 48 1 34 73 88 94 96 20 14 5 20 99 62
55 64 51 44 66 24 87 67 31 72 52 64 14 10 74 44 92 41 96 45
28 7 39 4 32 73 89 90 94 38 50 86 59 38 31 27 28 42 91 55
67 9 61 60 12 82 95 99 21 74 17 90 25 19 91 81 1 8 74 98
19 22 88 23 96 88 52 76 62 3 89 24 78 27 48 48 7 14 31 17
