20 10 661476478 0.0 0.0
42 81 47 51 74 28 69 16 15 31 36 35 45 57 34 30 17 78 83 22
88 51 32 90 61 76 98 93 2 4 39 10 1 67 98 79 64 23 7 34
37 93 5 73 61 94 91 81 4 84 10 59 57 22 9 61 80 96 29 72
90 46 86 15 85 3 34 51 11 65 22 66 82 42 66 31 47 17 81 15
95 16 26 48 49 76 40 93 74 61 66 76 26 7 56 83 36 51 21 5
77 11 91 37 86 36 47 79 25 92 15 23 7 64 38 74 54 13 79 16
11 35 70 48 15 16 31 24 1 64 29 85 23 92 99 65 62 72 26 1
72 52 30 30 42 44 74 71 38 24 42 91 15 95 59 70 82 44 59 50
69 59 3 14 2 51 42 34 55 86 84 69 85 8 63 13 30 29 96 44
89 62 46 36 41 98 31 33 7 65 90 58 31 76 32 61 12 44 32 41
