24 10 174759327 0.0 0.0
84 20 85 56 69 45 29 85 78 80 31 36 59 28 78 45 16 46 37 40 90 3 75 53
78 66 76 76 55 13 99 89 84 78 83 32 33 21 31 36 81 99 18 71 96 34 98 1
82 46 37 98 19 88 1 41 8 21 90 3 55 68 64 20 25 11 55 50 81 14 51 66
11 17 81 92 22 58 47 93 73 33 46 14 93 9 36 26 59 86 34 18 50 81 54 99
93 57 39 84 86 44 27 52 54 89 38 93 50 8 33 71 84 28 7 12 44 68 11 1
28 40 71 92 73 75 79 82 41 80 31 58 39 73 70 74 93 6 54 31 79 23 61 36
43 16 6 79 90 67 89 30 20 49 10 96 97 98 62 20 1 14 43 95 62 71 8 77
48 6 94 41 29 85 6 88 24 10 76 86 63 2 28 92 38 1 57 68 81 41 15 86
42 59 46 69 21 88 57 4 4 57 72 10 75 85 26 79 87 68 87 56 38 5 62 65
6 24 14 14 14 14 97 96 28 79 83 77 36 37 26 74 72 64 14 23 40 66 83 51
