24 10 196907804 0.0 0.0
97 88 42 48 49 69 91 14 61 79 99 71 44 57 22 36 63 78 53 76 15 90 75 40
97 50 45 25 57 18 8 66 39 55 12 85 50 54 50 80 63 61 92 9 25 79 46 54
68 64 71 32 25 19 85 17 44 20 90 11 34 10 95 78 27 6 12 6 8 95 21 1
84 50 61 64 52 5 81 68 61 82 4 12 60 14 41 40 22 61 87 31 52 18 69 69
23 20 37 98 2 48 25 43 22 52 70 24 2 25 41 33 12 31 2 44 30 61 57 48
64 13 26 20 65 77 11 46 13 36 38 49 46 93 96 61 2 83 61 54 28 79 35 31
85 19 18 64 51 74 10 29 82 20 95 6 70 53 79 32 85 17 3 56 86 57 27 95
64 88 34 39 51 10 40 5 92 83 72 60 23 30 20 43 93 98 74 1 14 40 86 35
31 33 4 24 35 58 71 18 44 38 33 30 11 38 48 54 82 39 1 89 44 1 5 61
55 74 80 5 25 19 18 50 44 41 65 48 76 21 10 64 13 47 5 70 36 48 30 34
