18 10 444830723 0.0 0.0
41 14 77 29 22 95 5 45 67 47 26 2 64 35 93 8 10 23
27 96 7 59 82 97 67 37 5 77 90 97 98 3 81 58 33 86
48 53 25 27 76 77 79 14 67 34 10 89 33 32 83 74 64 57
78 56 93 74 94 80 17 29 95 10 23 49 24 51 45 1 9 33
17 26 79 93 77 53 15 73 4 29 43 74 13 29 93 1 89 97
83 19 57 96 21 6 36 2 27 9 58 83 8 62 43 88 63 18
37 14 13 80 61 48 68 36 45 36 22 88 25 94 9 5 8 61
51 73 37 35 48 26 85 32 52 25 70 90 15 38 39 33 46 84
12 86 84 66 18 39 52 52 46 94 51 54 85 18 95 33 6 27
80 96 25 81 49 26 56 34 64 5 64 76 40 86 97 99 35 66
