18 10 607843582 0.0 0.0
22 77 60 28 34 82 52 56 91 80 15 17 12 37 82 53 79 9
10 69 20 4 90 45 23 78 31 10 96 25 71 95 67 16 67 29
16 9 74 42 21 5 70 11 49 18 33 60 87 49 9 40 8 16
66 28 12 39 2 75 34 57 11 40 44 53 94 25 16 54 33 91
90 70 64 16 30 30 4 87 41 70 8 88 36 31 15 51 6 13
35 34 82 69 78 30 17 12 31 62 17 39 71 15 80 43 97 35
38 60 37 94 88 14 52 64 50 2 28 38 93 28 8 14 55 73
32 3 9 41 33 86 76 95 76 26 73 79 47 52 96 81 98 35
46 9 55 50 39 71 98 79 17 63 80 58 77 78 89 69 23 72
96 68 99 4 29 39 73 52 11 23 71 90 87 73 99 94 95 27
