24 10 79721219 0.0 0.0
31 48 50 21 43 40 28 27 8 27 38 58 56 24 64 62 2 88 58 96 24 25 74 79
76 59 54 60 31 20 69 15 78 62 71 35 69 91 16 4 38 85 69 67 21 64 57 69
45 60 87 96 68 27 99 80 76 48 68 70 38 6 88 75 25 93 86 69 11 7 32 93
58 21 80 78 64 69 35 69 23 8 86 16 64 3 4 64 37 9 63 56 52 62 89 46
14 3 65 20 98 56 38 73 89 97 25 98 96 67 42 71 31 74 6 54 17 71 64 60
89 67 75 78 20 48 45 21 98 47 25 36 60 96 14 59 95 74 15 19 25 84 82 26
36 43 21 88 40 41 57 77 32 22 89 1 81 58 11 50 24 83 22 76 62 51 94 23
66 54 35 1 63 75 55 17 89 35 7 1 21 47 77 79 63 46 20 42 38 4 74 45
84 57 26 12 85 62 39 82 60 79 14 99 47 75 32 66 47 77 30 62 78 94 43 82
27 5 59 94 94 61 14 41 69 17 46 9 87 53 62 48 97 74 95 99 41 64 13 4
