24 10 105518340 0.0 0.0
17 56 97 37 63 62 27 97 51 68 43 89 69 87 99 72 70 6 56 28 63 69 11 83
72 40 72 47 23 64 22 9 96 76 86 2 48 2 78 74 2 62 30 16 39 95 11 58
53 6 72 92 49 4 61 11 94 53 18 79 75 24 93 24 37 69 65 29 5 19 47 79
42 50 1 59 28 8 32 18 10 53 25 95 49 81 40 24 50 4 73 23 71 31 74 69
85 73 44 48 76 17 67 12 48 8 6 85 88 47 43 86 40 84 91 77 34 13 70 83
83 97 17 5 45 76 69 9 45 59 39 21 97 51 70 3 82 89 69 2 92 78 35 67
73 28 13 62 20 27 35 44 26 16 13 34 12 91 45 84 97 76 72 76 67 24 73 70
35 32 20 63 24 88 14 69 55 38 10 34 12 48 51 71 32 95 81 56 57 70 93 6
85 51 87 75 18 39 43 65 86 97 27 91 24 68 19 66 21 15 27 81 97 44 3 98
19 50 77 77 77 56 91 2 48 74 55 32 65 18 85 44 17 94 33 98 96 34 80 92
