30 10 804794546 0.0 0.0
15 17 56 85 58 42 86 77 24 98 93 32 88 39 32 12 55 67 18 95 99 68 87 18 22 47 5 67 56 83
67 10 22 68 36 21 4 17 40 96 26 1 7 27 54 80 39 53 74 92 43 80 94 26 21 63 10 25 61 91
36 7 78 84 89 73 80 74 6 15 89 39 60 99 56 38 73 17 15 64 85 71 96 62 76 11 94 37 86 50
95 5 27 70 89 11 49 35 50 62 17 42 80 1 60 45 72 57 38 11 32 92 66 11 87 39 8 71 70 30
14 39 62 23 91 71 80 11 54 98 82 40 8 37 75 92 23 33 64 78 30 67 75 60 63 93 80 58 50 80
21 67 10 47 46 92 6 86 86 8 90 52 54 58 7 18 38 64 61 41 78 48 3 42 89 58 30 83 64 38
32 62 68 14 8 6 80 57 84 29 12 58 8 95 6 96 53 64 87 51 89 12 60 36 38 67 38 4 8 98
41 71 36 58 74 84 85 50 80 30 78 17 63 58 32 43 55 42 33 80 92 4 8 1 66 77 63 19 52 27
92 55 1 86 77 76 99 46 32 56 78 10 50 57 83 43 85 13 47 58 55 93 69 69 41 99 24 71 94 93
9 66 5 4 26 8 56 99 83 66 97 87 34 34 41 79 79 6 62 17 54 96 49 29 78 83 82 55 59 95
