26 10 454052951 0.0 0.0
58 87 9 23 39 98 94 50 41 46 81 82 60 8 39 88 66 90 98 93 37 83 27 21 25 2
27 43 97 11 55 1 39 69 86 21 37 36 28 67 53 78 18 33 77 14 50 56 59 73 50 68
45 66 21 65 2 95 13 85 23 80 1 49 58 59 51 14 51 13 15 60 32 47 12 54 95 75
59 54 42 50 13 66 19 50 47 70 87 20 44 89 58 65 29 28 51 88 22 29 89 5 3 76
66 27 32 19 74 97 64 76 75 64 71 81 67 99 67 86 80 59 5 33 5 11 75 32 38 66
62 94 51 74 94 72 86 28 25 43 92 65 32 63 95 92 28 6 95 15 58 25 98 11 5 77
41 57 40 71 54 24 14 82 3 80 64 66 76 58 95 44 58 50 66 53 47 45 6 36 46 6
3 86 85 50 78 69 46 90 76 96 47 14 36 86 33 89 92 77 22 54 58 99 6 16 36 3
58 88 34 39 73 5 62 53 79 43 62 12 78 71 42 77 10 23 6 30 35 76 32 31 74 25
33 79 13 74 34 33 2 60 92 33 80 42 12 97 18 16 40 52 8 52 64 43 8 75 18 53
