26 10 506798633 0.0 0.0
17 95 61 46 66 12 64 1 25 26 92 73 97 60 16 65 66 59 56 99 82 25 95 33 8 93
33 23 6 1 87 49 18 42 8 20 16 37 58 28 41 58 78 46 29 46 65 1 41 15 2 70
6 64 10 46 66 74 69 37 58 44 34 19 82 56 86 57 27 71 2 29 83 5 59 95 36 22
43 78 56 70 45 40 90 23 81 24 13 18 9 47 26 46 1 13 21 96 47 96 33 20 17 76
60 73 95 49 86 36 54 51 66 9 17 8 65 2 34 17 10 74 87 96 60 89 29 36 16 79
43 13 27 78 94 29 57 64 97 89 49 85 15 54 32 73 46 44 42 84 57 5 73 70 3 15
60 61 9 82 56 11 47 28 2 79 89 12 44 6 58 16 16 96 31 35 84 61 70 59 14 83
63 52 36 39 67 50 44 38 2 46 27 79 4 81 32 34 72 83 68 87 33 45 50 69 4 56
6 67 39 78 7 42 14 88 77 88 23 77 59 9 8 64 87 71 1 59 86 15 29 63 44 28
44 74 71 80 85 55 50 27 97 87 73 11 27 15 83 12 20 8 85 30 82 95 31 14 68 50
